timestamp,palette_size,colors,generation_time,failures
2025-04-13 01:54:24,4,#163763|#26bd68|#588040|#f5ca4e,0.0005958080291748047,1
2025-04-13 01:54:24,4,#1287d1|#bad638|#72149e|#fd1f7c,0.0008039474487304688,8
2025-04-13 01:54:24,4,#71d17e|#5a61e4|#daecbf|#9a9735,0.0008800029754638672,9
2025-04-13 01:54:24,4,#1ab8ba|#c33f3d|#c6cc36|#001108,0.0005331039428710938,4
2025-04-13 01:54:24,4,#164aeb|#2e1f09|#fd8cfc|#7775f4,0.0003120899200439453,0
2025-04-13 01:54:24,4,#f9e6e5|#c5b338|#8301bd|#a54400,0.00035262107849121094,1
2025-04-13 01:54:24,4,#4f878d|#41c21c|#b6d567|#0d369c,0.0002970695495605469,1
2025-04-13 01:54:24,4,#4c9b09|#721507|#afc033|#d41e95,0.00138092041015625,14
2025-04-13 01:54:24,4,#5e7fc7|#e8a672|#e4f41b|#080972,0.00044989585876464844,2
2025-04-13 01:54:24,4,#f6c7d7|#f358e7|#8d0619|#8542f6,0.0004858970642089844,2
2025-04-13 01:54:24,4,#0289ea|#a2be7a|#efeee0|#2b324d,0.0009112358093261719,8
2025-04-13 01:54:24,4,#3dbf3c|#ebda86|#746171|#4d2d1e,0.001068115234375,12
2025-04-13 01:54:24,4,#ba9435|#3fe2a7|#ec4c89|#c71070,0.0004649162292480469,1
2025-04-13 01:54:24,4,#0accc8|#2a30e2|#b1db98|#ec4154,0.0006809234619140625,7
2025-04-13 01:54:24,4,#e6b41e|#8867a3|#7207d8|#c9e7d2,0.0007059574127197266,7
2025-04-13 01:54:24,4,#8e9828|#81fbb4|#783bb8|#cca2f5,0.0012218952178955078,11
2025-04-13 01:54:24,4,#7fa60b|#d935d6|#6e1c6a|#a5ffca,0.0003418922424316406,2
2025-04-13 01:54:24,4,#1a74f1|#6f0ca0|#d8c556|#2ab0a1,0.001422882080078125,16
2025-04-13 01:54:24,4,#57fbaf|#68313a|#7fa397|#dd32ca,0.0005729198455810547,4
2025-04-13 01:54:24,4,#5d8992|#23de47|#2a7005|#def08e,0.0005359649658203125,1
2025-04-13 01:54:24,4,#43bcbc|#d71515|#8748ff|#d2f192,0.0007050037384033203,6
2025-04-13 01:54:24,4,#b872dc|#48dfa9|#b42251|#5a0762,0.00043487548828125,2
2025-04-13 01:54:24,4,#7dea42|#330741|#61a374|#6b3219,0.00041604042053222656,3
2025-04-13 01:54:24,4,#314299|#f5a922|#736925|#1515b4,0.001055002212524414,13
2025-04-13 01:54:24,4,#6921eb|#ba6de5|#9a4a74|#15f29c,0.0004451274871826172,3
2025-04-13 01:54:24,4,#534896|#739ef9|#030ba0|#818227,0.0010771751403808594,11
2025-04-13 01:54:24,4,#ce5c29|#c3a2ec|#632cde|#231115,0.0014128684997558594,20
2025-04-13 01:54:24,4,#25d229|#930970|#a5f953|#9360fc,0.00039005279541015625,1
2025-04-13 01:54:24,4,#acab2e|#c334a9|#85fce5|#742144,0.0008118152618408203,7
2025-04-13 01:54:24,4,#3651c2|#299efb|#cdc3c0|#301d92,0.0030241012573242188,34
2025-04-13 01:54:24,4,#acd53b|#b36d15|#b98fad|#964352,0.0009181499481201172,9
2025-04-13 01:54:24,4,#970334|#7ee70d|#b431d6|#26a77a,0.0005369186401367188,4
2025-04-13 01:54:24,4,#c04fa7|#7d051f|#08e7b3|#3c36df,0.0002930164337158203,1
2025-04-13 01:54:24,4,#34be45|#a94b67|#ffe528|#165015,0.00028324127197265625,1
2025-04-13 01:54:24,4,#e16edb|#511dec|#9a3d94|#66ea6e,0.0006139278411865234,6
2025-04-13 01:54:24,4,#2e9ea9|#f6b5e5|#582f49|#3275c5,0.00029015541076660156,1
2025-04-13 01:54:24,4,#f39d61|#8b41fb|#ba77c0|#0e313d,0.0007488727569580078,8
2025-04-13 01:54:24,4,#7351a6|#9ae1c0|#857ab8|#fd0c13,0.0004329681396484375,4
2025-04-13 01:54:24,4,#04bbfc|#713e61|#4c855f|#cede38,0.0003159046173095703,0
2025-04-13 01:54:24,4,#9f0a60|#72ba7a|#80f29e|#719547,0.0006232261657714844,6
2025-04-13 01:54:24,4,#a34cc5|#272453|#f06d05|#12e8c3,0.0003180503845214844,1
2025-04-13 01:54:24,4,#ab2fb1|#c5620d|#c79578|#0e2c03,0.0005140304565429688,4
2025-04-13 01:54:24,4,#b7563b|#533853|#719ddc|#39fc07,0.00047588348388671875,4
2025-04-13 01:54:24,4,#bc4ad7|#75c8f2|#dc8a0a|#5a0299,0.0007760524749755859,10
2025-04-13 01:54:24,4,#7dfc38|#3030ed|#d4811d|#2d66ab,0.0007560253143310547,7
2025-04-13 01:54:24,4,#8e6560|#b8ba11|#1dabaa|#0e301e,0.0003142356872558594,1
2025-04-13 01:54:24,4,#62332c|#54baea|#3470dd|#619661,0.001280069351196289,17
2025-04-13 01:54:24,4,#400e1a|#c694bd|#dfe5bb|#77455e,0.00039005279541015625,1
2025-04-13 01:54:24,4,#d30327|#76aa2d|#55f120|#39884f,0.0002570152282714844,0
2025-04-13 01:54:24,4,#6f42dd|#fe7886|#44fc63|#de0736,0.0004639625549316406,3
2025-04-13 01:54:24,4,#4f167c|#63d6ed|#c659b2|#cb3c3e,0.0004048347473144531,2
2025-04-13 01:54:24,4,#151ccd|#94e95e|#6b994f|#b72fa1,0.0008032321929931641,6
2025-04-13 01:54:24,4,#3d5ff9|#6abfb1|#2d05ae|#54344b,0.0008130073547363281,8
2025-04-13 01:54:24,4,#96b70e|#3f22d7|#06897e|#8eeef1,0.0007712841033935547,6
2025-04-13 01:54:24,4,#dd8f1e|#622035|#c05cd4|#cde26f,0.0003859996795654297,2
2025-04-13 01:54:24,4,#4733a6|#9adaf1|#21c508|#93689d,0.00044727325439453125,3
2025-04-13 01:54:24,4,#22a9e0|#2e24aa|#7fdcfd|#8942e0,0.00055694580078125,4
2025-04-13 01:54:24,4,#49318e|#4b889d|#f4b689|#1f0507,0.001149892807006836,11
2025-04-13 01:54:24,4,#6c3abb|#b16b04|#77eee7|#d4a50e,0.00037407875061035156,2
2025-04-13 01:54:24,4,#e421a0|#51873d|#e77dd2|#faf1ea,0.0008480548858642578,8
2025-04-13 01:54:24,4,#72b578|#defc5c|#604499|#4d0ce7,0.0003879070281982422,0
2025-04-13 01:54:24,4,#9a8093|#cdac36|#836d29|#7c075f,0.00030303001403808594,0
2025-04-13 01:54:24,4,#f15e20|#a5b1b1|#c130b2|#493422,0.000537872314453125,2
2025-04-13 01:54:24,4,#50bf0b|#d2d764|#14943c|#1340df,0.0004248619079589844,2
2025-04-13 01:54:24,4,#0d2666|#d5c8d9|#f25550|#27bbd1,0.0018091201782226562,19
2025-04-13 01:54:24,4,#f32d35|#a0bbc2|#1201b1|#672a0d,0.0009748935699462891,13
2025-04-13 01:54:24,4,#b47d79|#e9d77b|#481356|#7c3c28,0.00031185150146484375,0
2025-04-13 01:54:24,4,#184d8d|#91eaad|#4a0a25|#e235e1,0.00023984909057617188,0
2025-04-13 01:54:24,4,#5b2f99|#937137|#54ad9c|#74f226,0.0005018711090087891,4
2025-04-13 01:54:24,4,#a98c5a|#1e2e9e|#a7ee5d|#766c77,0.0007469654083251953,5
2025-04-13 01:54:24,4,#efa61a|#035f42|#8e828f|#cbfe5b,0.0013959407806396484,16
2025-04-13 01:54:24,4,#cb0bad|#18ab4b|#70f660|#1c743e,0.0018448829650878906,27
2025-04-13 01:54:24,4,#6c6696|#da7076|#2cdbc4|#0e44e7,0.0006420612335205078,6
2025-04-13 01:54:24,4,#401b8b|#7df61f|#d04395|#a7a822,0.0009920597076416016,11
2025-04-13 01:54:24,4,#423b83|#052310|#fb68ad|#aed4af,0.0007059574127197266,1
2025-04-13 01:54:24,4,#9ca4a0|#44efc6|#9c5984|#1219a8,0.0004668235778808594,4
2025-04-13 01:54:24,4,#49d679|#0720e5|#0753b4|#a96eca,0.0011980533599853516,14
2025-04-13 01:54:24,4,#9ffb3c|#25843c|#7f0ba5|#80add0,0.0004169940948486328,3
2025-04-13 01:54:24,4,#055989|#c546cb|#d7a292|#928a67,0.0012390613555908203,14
2025-04-13 01:54:24,4,#89a7a3|#9532d4|#be0930|#e154ce,0.00034499168395996094,0
2025-04-13 01:54:24,4,#882242|#ce6edf|#fc3185|#52ddd1,0.0005478858947753906,5
2025-04-13 01:54:24,4,#36864b|#2eca1f|#d11a05|#ddc8bb,0.0003459453582763672,2
2025-04-13 01:54:24,4,#f5ae13|#b68229|#fe0002|#1c02bc,0.0003256797790527344,1
2025-04-13 01:54:24,4,#c63f8b|#b7212a|#e86ceb|#9be813,0.0005397796630859375,3
2025-04-13 01:54:24,4,#4b0df9|#ca4380|#e0fc99|#58f112,0.0003800392150878906,0
2025-04-13 01:54:24,4,#90930b|#ce0f2e|#d9faa3|#f0ab3d,0.0010769367218017578,11
2025-04-13 01:54:24,4,#23b5a3|#b335de|#8be26c|#172840,0.0005290508270263672,4
2025-04-13 01:54:24,4,#4a3d2b|#0cee38|#2ca967|#395ece,0.000370025634765625,0
2025-04-13 01:54:24,4,#4b31d5|#e2af64|#f26c15|#fbfa4b,0.0011048316955566406,14
2025-04-13 01:54:24,4,#a21708|#eaf5b9|#a74b79|#9b9604,0.00047898292541503906,4
2025-04-13 01:54:24,4,#19bbf1|#04337e|#7e8107|#93e469,0.0003867149353027344,1
2025-04-13 01:54:24,4,#464a9c|#b3fdd3|#be68a8|#041cd1,0.0005869865417480469,5
2025-04-13 01:54:24,4,#da81e8|#bbe830|#3b116f|#ce6640,0.0005359649658203125,5
2025-04-13 01:54:24,4,#0d1d82|#81ecf8|#87394e|#1eb747,0.000308990478515625,1
2025-04-13 01:54:24,4,#44b6d0|#f2d4b8|#29702a|#3f112b,0.00031304359436035156,0
2025-04-13 01:54:24,4,#226899|#4f2499|#0ef453|#2a98cb,0.0010769367218017578,11
2025-04-13 01:54:24,4,#e3ee9c|#e24349|#591389|#d3a010,0.00039386749267578125,2
2025-04-13 01:54:24,4,#cc4d4d|#59fe0e|#7ea23d|#2f2020,0.0005037784576416016,4
2025-04-13 01:54:24,4,#2f7e6c|#837bf3|#6bec60|#0a4749,0.0005190372467041016,4
2025-04-13 01:54:24,4,#12096f|#33327e|#69c475|#0c8024,0.00036406517028808594,0
